-1.7940869331360 -1.7986601591110 -1.8026081323624
    -1.8056868314743 -1.8067601919174 -1.7545515298843
    -1.6778010129929 -1.6471217870712 -1.7301052808762
    -1.7751359939575 -1.7814476490021 -1.7884652614594
32.1101799011230 32.1917839050293 32.2610702514648
    32.3185081481934 32.3573417663574 32.2777633666992
    32.0105438232422 31.7029094696045 31.6097698211670
    31.7366580963135 31.8881454467773 32.0070571899414
35.5657196044922 35.5657234191895 35.5657272338867
    35.5657196044922 35.5657310485840 35.5657234191895
    35.5657196044922 35.5657272338867 35.5657157897949
    35.5657272338867 35.5657234191895 35.5657234191895
-0.0110999997705 -0.0100283082575 -0.0129854260013
    -0.0160910524428 -0.0148227652535 -0.0135563574731
    -0.0146371787414 -0.0073369299062 -0.0036242369097
    -0.0117755569518 -0.0100659485906 -0.0083476481959
0.0184049494565 0.0214756783098 0.0197319071740
    0.0190824698657 0.0187496002764 0.0209321938455
    0.0125486431643 0.0103579144925 0.0180729124695
    0.0193449519575 0.0190090369433 0.0222440678626
0.0000000000000 0.0000000000000 0.0000000000000
    0.0000000000000 0.0000000000000 0.0000000000000
    0.0000000000000 0.0000000000000 0.0000000000000
    0.0000000000000 0.0000000000000 0.0000000000000
0.0000000000000 0.0000000000000 0.0000000000000
    0.0000000000000 0.0000000000000 0.0000000000000
    0.0000000000000 0.0000000000000 0.0000000000000
    0.0000000000000 0.0000000000000 0.0000000000000
-4.9041104316711 -5.7911286354065 -5.4369039535522
    -5.2621355056763 -1.3424879312515 3.2999908924103
    0.9933573603630 0.8845298886299 -2.6817569732666
    -1.6514652967453 -3.5920953750610 -4.6374101638794
